23849
21823
27027
56149
59290
53310
17387
18636
19411
68828
23854
22154
22371
12502
71887
23853
18616
65962
26364
57278
52846
20527
224997
15162
14132
23917
26558
66970
14866
19285
65964
19156
29811
20392
22788
17988
12224
80886
231999
13476
22044
13845
19202
66246
71740
11474
51799
54631
11803
15114
15903
68628
18028
64297
17173
215999
76257
21376
18648
71950
75723
22612
14461
22439
76477
54197
16956
11566
11740
226419
54138
78889
245866
17865
13867
17305
17762
77864
21386
56405
14081
16362
242705
69938
233080
52666
26893
66757
22634
22288
103080
216233
74007
93759
71279
50493
28109
13650
18197
15902
18208
52715
14580
72469
104001
66375
18789
21418
15904
76251
20620
14165
13206
14313
170677
11843
66645
18826
13829
14171
105670
24064
211286
13132
16475
68966
18162
56532
20356
22422
223770
20972
68653
170736
69354
18574
11815
268822
70508
26565
21976
22247
67102
23872
19128
13800
59033
15370
110310
246277
14199
67776
22051
13984
68262
76917
21425
74123
11307
17691
70536
27410
60455
78625
21417
68027
13824
55938
69192
22670
58801
14680
12683
74322
16906
56473
94063
225997
58803
13194
16889
74493
19708
23789
68229
433256
20411
76952
11614
14873
83962
66388
20250
23806
102774
72141
56191
20229
20431
69634
18584
72157
26557
347712
14048
11363
14660
71781
19231
18582
98363
65247
18484
68428
20980
21346
68481
18214
12831
320267
241447
20322
17754
74182
16592
20779
18805
320024
12038
74434
19260
229658
19221
68659
80890
27059
66198
12448
52187
230101
384009
20404
13131
11639
67305
21420
20525
16918
18477
14077
94242
56219
100340
26561
269643
23950
66681
67073
22235
74277
21982
12753
19712
20750
67111
11669
207565
72649
13990
72144
243548
101401
16206
110958
232210
30853
69202
109135
11569
16832
97287
16439
232334
233107
17364
12310
18020
67800
72088
14183
22390
18824
67117
17698
22589
108062
11989
18194
108012
75590
50770
14456
17930
22341
50768
11502
108150
14766
72297
18117
66427
234734
102607
18988
11891
75782
18113
67834
244886
71973
23959
54369
14678
97541
78267
14201
320253
16332
16772
76650
18442
19395
12583
208177
105844
433470
435684
99439
67168
71939
319765
75735
57874
101943
56299
81703
66591
14615
245857
14685
24108
236899
207304
26563
242553
71330
70719
106407
14594
223775
216742
235472
140792
16981
69940
19024
234593
210982
108737
17130
243911
22698
70423
18119
69257
230824
100504663
114874
66859
109082
244810
67198
213121
56338
243771
16468
13244
637277
66124
13590
329581
14537
233186
381269
13123
17967
66988
227682
215114
20210
108767
94089
71458
71795
327959
213783
11811
232975
67525
20670
110351
330406
16543
20908
236511
252830
17196
74129
14620
242667
383491
17309
233876
217695
74091
81907
14776
14702
211986
320974
381668
67080
66548
72560
19290
14260
229672
16520
224912
238673
14367
18754
211961
67020
434377
225608
104252
12193
12905
233812
192976
71911
100342
57912
232431
382231
407814
399558
74325
212398
101994
66849
209086
241576
193003
14708
14062
109154
52829
56484
192231
56508
78618
229517
83557
244198
70355
320563
319263
57775
13861
74488
234413
170833
76980
235611
74103
223881
109620
269633
74287
21961
17760
330671
231821
320365
15364
71389
319236
20269
230857
18685
268958
18022
18213
19229
544791
54667
69718
12010
12560
22772
26875
71835
11775
225651
16542
71765
16612
224170
76484
76681
320202
59095
545370
320923
16852
667034
239789
68794
229055
12406
277744
68236
213402
53602
279706
381142
20733
20674
237436
26385
381411
667281
18752
252837
227327
93897
435927
665033
170676
66991
100040944
268595
12581
102308570
18950
